0.001000,40.002167
0.002000,40.002094
0.003000,40.002048
0.004000,40.002033
0.005000,40.002018
0.006000,40.001999
0.007000,40.001991
0.008000,40.001762
0.009000,40.001472
0.010000,40.001362
0.011000,40.001186
0.012000,40.000912
0.013000,40.000755
0.014000,40.000523
0.015000,40.000122
0.016000,39.999805
0.017000,39.999626
0.018000,39.999542
0.019000,39.987564
0.020000,39.954998
0.021000,39.998344
0.022000,39.989460
0.023000,39.943108
0.024000,39.942734
0.025000,39.942173
0.026000,39.941757
0.026999,39.941635
0.027999,39.941631
0.028999,39.941635
0.029999,39.981754
0.030999,39.998737
0.031999,39.999657
0.032999,39.999611
0.033999,39.999882
0.034999,40.000366
0.035999,40.000732
0.036999,40.000740
0.037999,40.000603
0.038999,40.000507
0.039999,40.000618
0.040999,40.000671
0.041999,40.000824
0.042999,40.000790
0.043999,40.000835
0.044999,40.000980
0.045999,40.001007
0.046999,40.000980
0.047999,40.000683
0.048999,40.000439
0.049999,39.950832
0.050999,39.946346
0.051999,39.947350
0.052999,39.947952
0.053999,39.948059
0.054999,39.948048
0.055999,39.948040
0.056999,39.948013
0.057999,39.947990
0.058999,39.947994
0.059999,39.948109
0.060999,39.948296
0.061999,39.948494
0.062999,39.948742
0.063999,39.949303
0.064999,39.950405
0.065999,39.951263
0.066999,39.951736
0.067999,39.952190
0.068999,39.952450
0.069999,39.952404
0.070999,39.951870
0.071999,39.951504
0.072999,39.950245
0.073999,39.949539
0.074999,39.949184
0.075999,39.949135
0.076999,39.949135
0.077999,39.949490
0.078999,39.950134
0.079998,39.950863
0.080998,39.951385
0.081998,39.951584
0.082998,39.951958
0.083998,39.952404
0.084998,39.952652
0.085998,39.952667
0.086998,39.952320
0.087998,39.951733
0.088998,39.951099
0.089998,39.950825
0.090998,39.950611
0.091998,39.950596
0.092998,39.950546
0.093998,39.950779
0.094998,39.950829
0.095998,39.951031
0.096998,39.950741
0.097998,39.950642
0.098998,39.950626
0.099998,39.950649
0.100998,39.950970
0.101998,39.951294
0.102998,39.951717
0.103998,39.951580
0.104998,39.951859
0.105998,39.951351
0.106998,39.951096
0.107998,39.951500
0.108998,39.951485
0.109998,39.951141
0.110998,39.950596
0.111998,39.950191
0.112998,39.950294
0.113998,39.950306
0.114998,39.950413
0.115998,39.950699
0.116998,39.950569
0.117998,39.950745
0.118998,39.951015
0.119998,39.951405
0.120998,39.951412
0.121998,39.950935
0.122998,39.951206
0.123998,39.951302
0.124998,39.951317
0.125998,39.951317
0.126998,39.950947
0.127998,39.950249
0.128998,39.949928
0.129998,39.949825
0.130998,39.948738
0.131998,39.947651
0.132997,39.947247
0.133997,39.946705
0.134997,39.946186
0.135997,39.945763
0.136997,39.945564
0.137997,39.945339
0.138997,39.944695
0.139997,39.944424
0.140997,39.944218
0.141997,39.943054
0.142997,39.942295
0.143997,39.942013
0.144997,39.941498
0.145997,39.940998
0.146997,39.940704
0.147997,39.940460
0.148997,39.940220
0.149997,39.940079
0.150997,39.940372
0.151997,39.940563
0.152997,39.940670
0.153997,39.940727
0.154997,39.940861
0.155997,39.941208
0.156997,39.941441
0.157997,39.941387
0.158997,39.941326
0.159997,39.941334
0.160997,39.941341
0.161997,39.941261
0.162997,39.941063
0.163997,39.940910
0.164997,39.940468
0.165997,39.940132
0.166997,39.939632
0.167997,39.938671
0.168997,39.938065
0.169997,39.937775
0.170997,39.937508
0.171997,39.936634
0.172997,39.936172
0.173997,39.935463
0.174997,39.934879
0.175997,39.934521
0.176997,39.934383
0.177997,39.934357
0.178997,39.934345
0.179997,39.934105
0.180997,39.933819
0.181997,39.933769
0.182997,39.933693
0.183997,39.933693
0.184997,39.933678
0.185996,39.933495
0.186996,39.932926
0.187996,39.932884
0.188996,39.932808
0.189996,39.932541
0.190996,39.931976
0.191996,39.931774
0.192996,39.931267
0.193996,39.930710
0.194996,39.930569
0.195996,39.930138
0.196996,39.929443
0.197996,39.928829
0.198996,39.928444
0.199996,39.927696
0.200996,39.927280
0.201996,39.926865
0.202996,39.926342
0.203996,39.925953
0.204996,39.925549
0.205996,39.925236
0.206996,39.925056
0.207996,39.924927
0.208996,39.924706
0.209996,39.924660
0.210996,39.924610
0.211996,39.924606
0.212996,39.924824
0.213996,39.925274
0.214996,39.925301
0.215996,39.924599
0.216996,39.924332
0.217996,39.924084
0.218996,39.923752
0.219996,39.923523
0.220996,39.923244
0.221996,39.923077
0.222996,39.923038
0.223996,39.923023
0.224996,39.922863
0.225996,39.922718
0.226996,39.922661
0.227996,39.922192
0.228996,39.921494
0.229996,39.920982
0.230996,39.920116
0.231996,39.919117
0.232996,39.918167
0.233996,39.917156
0.234996,39.916237
0.235996,39.915733
0.236996,39.915092
0.237996,39.913906
0.238995,39.913334
0.239995,39.913059
0.240995,39.912029
0.241995,39.911079
0.242995,39.910664
0.243995,39.909931
0.244995,39.909222
0.245995,39.908512
0.246995,39.907730
0.247995,39.906952
0.248995,39.906170
0.249995,39.905518
0.250995,39.904755
0.251995,39.903854
0.252995,39.903160
0.253995,39.902725
0.254995,39.902283
0.255995,39.901497
0.256995,39.900829
0.257995,39.900578
0.258995,39.900127
0.259995,39.899014
0.260995,39.898438
0.261995,39.897457
0.262995,39.897121
0.263995,39.896351
0.264995,39.895618
0.265995,39.895027
0.266995,39.894665
0.267995,39.893456
0.268995,39.892513
0.269995,39.891876
0.270995,39.891006
0.271995,39.890301
0.272995,39.889797
0.273995,39.888901
0.274995,39.887867
0.275995,39.886997
0.276995,39.885868
0.277995,39.884617
0.278995,39.883686
0.279995,39.882839
0.280995,39.881756
0.281995,39.880497
0.282995,39.879169
0.283995,39.878204
0.284995,39.877167
0.285995,39.875412
0.286995,39.874130
0.287995,39.873562
0.288995,39.873253
0.289995,39.871883
0.290995,39.871193
0.291994,39.870842
0.292994,39.869839
0.293994,39.869293
0.294994,39.868317
0.295994,39.867184
0.296994,39.866417
0.297994,39.865608
0.298994,39.864403
0.299994,39.863457
0.300994,39.862923
0.301994,39.861725
0.302994,39.859940
0.303994,39.858562
0.304994,39.857422
0.305994,39.855988
0.306994,39.855228
0.307994,39.854359
0.308994,39.852688
0.309994,39.851868
0.310994,39.851074
0.311994,39.849842
0.312994,39.848923
0.313994,39.848373
0.314994,39.847839
0.315994,39.846798
0.316994,39.845928
0.317994,39.844978
0.318994,39.843929
0.319994,39.842606
0.320994,39.841248
0.321994,39.839348
0.322994,39.837902
0.323994,39.836918
0.324994,39.835613
0.325994,39.835094
0.326994,39.834419
0.327994,39.833546
0.328994,39.833130
0.329994,39.833061
0.330994,39.832981
0.331994,39.832504
0.332994,39.832462
0.333994,39.832481
0.334994,39.832626
0.335994,39.832607
0.336994,39.831757
0.337994,39.831726
0.338994,39.831745
0.339994,39.831932
0.340994,39.832157
0.341994,39.832237
0.342994,39.832371
0.343994,39.832619
0.344993,39.833248
0.345993,39.833698
0.346993,39.833565
0.347993,39.833260
0.348993,39.833015
0.349993,39.832764
0.350993,39.832310
0.351993,39.831841
0.352993,39.831341
0.353993,39.830708
0.354993,39.830463
0.355993,39.829540
0.356993,39.828739
0.357993,39.827946
0.358993,39.827194
0.359993,39.826355
0.360993,39.825321
0.361993,39.824390
0.362993,39.823341
0.363993,39.822697
0.364993,39.821957
0.365993,39.820854
0.366993,39.819469
0.367993,39.817951
0.368993,39.816860
0.369993,39.816345
0.370993,39.815933
0.371993,39.815098
0.372993,39.813999
0.373993,39.813023
0.374993,39.812046
0.375993,39.811562
0.376993,39.810444
0.377993,39.809795
0.378993,39.808773
0.379993,39.807743
0.380993,39.806297
0.381993,39.806244
0.382993,39.805428
0.383993,39.804478
0.384993,39.803665
0.385993,39.802189
0.386993,39.801262
0.387993,39.800678
0.388993,39.799656
0.389993,39.798569
0.390993,39.797523
0.391993,39.796947
0.392993,39.796288
0.393993,39.795361
0.394993,39.794300
0.395993,39.793266
0.396993,39.792091
0.397992,39.790699
0.398992,39.790352
0.399992,39.789333
0.400992,39.788368
0.401992,39.787670
0.402992,39.787235
0.403992,39.785511
0.404992,39.785229
0.405992,39.784218
0.406992,39.783268
0.407992,39.782475
0.408992,39.781727
0.409992,39.780674
0.410992,39.780094
0.411992,39.779366
0.412992,39.778217
0.413992,39.777531
0.414992,39.776375
0.415992,39.775364
0.416992,39.774582
0.417992,39.773678
0.418992,39.772751
0.419992,39.771942
0.420992,39.771496
0.421992,39.770706
0.422992,39.769413
0.423992,39.768967
0.424992,39.768131
0.425992,39.767025
0.426992,39.766590
0.427992,39.765614
0.428992,39.763813
0.429992,39.763077
0.430992,39.762318
0.431992,39.761772
0.432992,39.760967
0.433992,39.760353
0.434992,39.759323
0.435992,39.758888
0.436992,39.758224
0.437992,39.756725
0.438992,39.755192
0.439992,39.754311
0.440992,39.753670
0.441992,39.753014
0.442992,39.752369
0.443992,39.751591
0.444992,39.750603
0.445992,39.749355
0.446992,39.747623
0.447992,39.744560
0.448992,39.741573
0.449992,39.739273
0.450991,39.736797
0.451991,39.735817
0.452991,39.735550
0.453991,39.733803
0.454991,39.733414
0.455991,39.733055
0.456991,39.731281
0.457991,39.730331
0.458991,39.729233
0.459991,39.725960
0.460991,39.724232
0.461991,39.723175
0.462991,39.722485
0.463991,39.722057
0.464991,39.722164
0.465991,39.722740
0.466991,39.722839
0.467991,39.722713
0.468991,39.722820
0.469991,39.722630
0.470991,39.722572
0.471991,39.722336
0.472991,39.722061
0.473991,39.721958
0.474991,39.721935
0.475991,39.721878
0.476991,39.721390
0.477991,39.721199
0.478991,39.720627
0.479991,39.720390
0.480991,39.719925
0.481991,39.719738
0.482991,39.719078
0.483991,39.718060
0.484991,39.717133
0.485991,39.716579
0.486991,39.715530
0.487991,39.714195
0.488991,39.713543
0.489991,39.712784
0.490991,39.711628
0.491991,39.710934
0.492991,39.710144
0.493991,39.709381
0.494991,39.709480
0.495991,39.709511
0.496991,39.709553
0.497991,39.709648
0.498991,39.709457
0.499991,39.709332
0.500991,39.709133
0.501991,39.709034
0.502991,39.708752
0.503990,39.708561
0.504990,39.708469
0.505990,39.708218
0.506990,39.707932
0.507990,39.707645
0.508990,39.707405
0.509990,39.707439
0.510990,39.707394
0.511990,39.707249
0.512990,39.707062
0.513990,39.706787
0.514990,39.706604
0.515990,39.706421
0.516990,39.705959
0.517990,39.705299
0.518990,39.704418
0.519990,39.704109
0.520990,39.703808
0.521990,39.703056
0.522990,39.702251
0.523990,39.701275
0.524990,39.700726
0.525990,39.700432
0.526990,39.699295
0.527990,39.698845
0.528990,39.697781
0.529990,39.695896
0.530990,39.694801
0.531990,39.693871
0.532990,39.693008
0.533990,39.692524
0.534990,39.691959
0.535990,39.691353
0.536990,39.690578
0.537990,39.689968
0.538990,39.689720
0.539990,39.689293
0.540990,39.688820
0.541990,39.688217
0.542990,39.687759
0.543990,39.686749
0.544990,39.685543
0.545990,39.683846
0.546990,39.682343
0.547990,39.681568
0.548990,39.681324
0.549990,39.681057
0.550990,39.680313
0.551990,39.679504
0.552990,39.678562
0.553990,39.677536
0.554990,39.676464
0.555990,39.675129
0.556990,39.674129
0.557989,39.673050
0.558989,39.672203
0.559989,39.671612
0.560989,39.670734
0.561989,39.669750
0.562989,39.668350
0.563989,39.666275
0.564989,39.664661
0.565989,39.663586
0.566989,39.662704
0.567989,39.660080
0.568989,39.657154
0.569989,39.655502
0.570989,39.653030
0.571989,39.650978
0.572989,39.649242
0.573989,39.647522
0.574989,39.646378
0.575989,39.644489
0.576989,39.642525
0.577989,39.640469
0.578989,39.638790
0.579989,39.637897
0.580989,39.636272
0.581989,39.635384
0.582989,39.634899
0.583989,39.634014
0.584989,39.632786
0.585989,39.631809
0.586989,39.631393
0.587989,39.630714
0.588989,39.629868
0.589989,39.629459
0.590989,39.629112
0.591989,39.628319
0.592989,39.628048
0.593989,39.627728
0.594989,39.627243
0.595989,39.626240
0.596989,39.625237
0.597989,39.622589
0.598989,39.620277
0.599989,39.616833
0.600989,39.611790
0.601989,39.608715
0.602989,39.607498
0.603989,39.605476
0.604989,39.603298
0.605989,39.599110
0.606989,39.595955
0.607989,39.594540
0.608989,39.593388
0.609989,39.592503
0.610988,39.591301
0.611988,39.589935
0.612988,39.588596
0.613988,39.587135
0.614988,39.585030
0.615988,39.580666
0.616988,39.577690
0.617988,39.574944
0.618988,39.574024
0.619988,39.573433
0.620988,39.572945
0.621988,39.572426
0.622988,39.572311
0.623988,39.572300
0.624988,39.571102
0.625988,39.570038
0.626988,39.569485
0.627988,39.569118
0.628988,39.568813
0.629988,39.568707
0.630988,39.568703
0.631988,39.568535
0.632988,39.568241
0.633988,39.567852
0.634988,39.567142
0.635988,39.566319
0.636988,39.565701
0.637988,39.564930
0.638988,39.564274
0.639988,39.563965
0.640988,39.563370
0.641988,39.562576
0.642988,39.562271
0.643988,39.561806
0.644988,39.561253
0.645988,39.560284
0.646988,39.559200
0.647988,39.557858
0.648988,39.556347
0.649988,39.554001
0.650988,39.552746
0.651988,39.551964
0.652988,39.550705
0.653988,39.549183
0.654988,39.547806
0.655988,39.546661
0.656988,39.545868
0.657988,39.545235
0.658988,39.544640
0.659988,39.544373
0.660988,39.544167
0.661988,39.544121
0.662988,39.544064
0.663987,39.543839
0.664987,39.543835
0.665987,39.543797
0.666987,39.543514
0.667987,39.543465
0.668987,39.542957
0.669987,39.542454
0.670987,39.541710
0.671987,39.540314
0.672987,39.539536
0.673987,39.538834
0.674987,39.537540
0.675987,39.536015
0.676987,39.534645
0.677987,39.532917
0.678987,39.531300
0.679987,39.529541
0.680987,39.527466
0.681987,39.525448
0.682987,39.523647
0.683987,39.522385
0.684987,39.520691
0.685987,39.519360
0.686987,39.518692
0.687987,39.518227
0.688987,39.516834
0.689987,39.516277
0.690987,39.515263
0.691987,39.513763
0.692987,39.512028
0.693987,39.510216
0.694987,39.508209
0.695987,39.506565
0.696987,39.505116
0.697987,39.504322
0.698987,39.503601
0.699987,39.500446
0.700987,39.496277
0.701987,39.494167
0.702987,39.493549
0.703987,39.493263
0.704987,39.493546
0.705987,39.494125
0.706987,39.494431
0.707987,39.494396
0.708987,39.493851
0.709987,39.492500
0.710987,39.492275
0.711987,39.491962
0.712987,39.491444
0.713987,39.491211
0.714987,39.491154
0.715987,39.490929
0.716986,39.490814
0.717986,39.490383
0.718986,39.490276
0.719986,39.490246
0.720986,39.490005
0.721986,39.489674
0.722986,39.489418
0.723986,39.489315
0.724986,39.489086
0.725986,39.488934
0.726986,39.488747
0.727986,39.488491
0.728986,39.488396
0.729986,39.488373
0.730986,39.488247
0.731986,39.488071
0.732986,39.488102
0.733986,39.487988
0.734986,39.487492
0.735986,39.487206
0.736986,39.488403
0.737986,39.488533
0.738986,39.488533
0.739986,39.488480
0.740986,39.489605
0.741986,39.489983
0.742986,39.490738
0.743986,39.491127
0.744986,39.489807
0.745986,39.483673
0.746986,39.486530
0.747986,39.489548
0.748986,39.489353
0.749986,39.477570
0.750986,39.467346
0.751986,39.465778
0.752986,39.466370
0.753986,39.468857
0.754986,39.468872
0.755986,39.468712
0.756986,39.467659
0.757986,39.465385
0.758986,39.462704
0.759986,39.458324
0.760986,39.455204
0.761986,39.452888
0.762986,39.451015
0.763986,39.449390
0.764986,39.447426
0.765986,39.445293
0.766986,39.443848
0.767986,39.443024
0.768986,39.442638
0.769985,39.441692
0.770985,39.440952
0.771985,39.440723
0.772985,39.440807
0.773985,39.441109
0.774985,39.441452
0.775985,39.441685
0.776985,39.441875
0.777985,39.442097
0.778985,39.442242
0.779985,39.442104
0.780985,39.441746
0.781985,39.441433
0.782985,39.441204
0.783985,39.440952
0.784985,39.440014
0.785985,39.439461
0.786985,39.438587
0.787985,39.438267
0.788985,39.439056
0.789985,39.468571
0.790985,39.473782
0.791985,39.474190
0.792985,39.474575
0.793985,39.474487
0.794985,39.474361
0.795985,39.474194
0.796985,39.474098
0.797985,39.474308
0.798985,39.475170
0.799985,39.475758
0.800985,39.475349
0.801985,39.475136
0.802985,39.475258
0.803985,39.474663
0.804985,39.474072
0.805985,39.473904
0.806985,39.473782
0.807985,39.473698
0.808985,39.473618
0.809985,39.473549
0.810985,39.473484
0.811985,39.473423
0.812985,39.473339
0.813985,39.473225
0.814985,39.473083
0.815985,39.472916
0.816985,39.472717
0.817985,39.472488
0.818985,39.472229
0.819985,39.471947
0.820985,39.471638
0.821985,39.471306
0.822984,39.470947
0.823984,39.470566
0.824984,39.470036
0.825984,39.469181
0.826984,39.468006
0.827984,39.466503
0.828984,39.464771
0.829984,39.463104
0.830984,39.461758
0.831984,39.462170
0.832984,39.464088
0.833984,39.463970
0.834984,39.461754
0.835984,39.458031
0.836984,39.452831
0.837984,39.447941
0.838984,39.443504
0.839984,39.439514
0.840984,39.435974
0.841984,39.432587
0.842984,39.429249
0.843984,39.425961
0.844984,39.422722
0.845984,39.419918
0.846984,39.417850
0.847984,39.416527
0.848984,39.415939
0.849984,39.416237
0.850984,39.417656
0.851984,39.421391
0.852984,39.430412
0.853984,39.443066
0.854984,39.452564
0.855984,39.459297
0.856984,39.462601
0.857984,39.463436
0.858984,39.464375
0.859984,39.465874
0.860984,39.465492
0.861984,39.465263
0.862984,39.465221
0.863984,39.464123
0.864984,39.463074
0.865984,39.462002
0.866984,39.460827
0.867984,39.459583
0.868984,39.458279
0.869984,39.456905
0.870984,39.455566
0.871984,39.454372
0.872984,39.453316
0.873984,39.452400
0.874984,39.451626
0.875983,39.450985
0.876983,39.450489
0.877983,39.450130
0.878983,39.449898
0.879983,39.449707
0.880983,39.449562
0.881983,39.449455
0.882983,39.449394
0.883983,39.449379
0.884983,39.449402
0.885983,39.449467
0.886983,39.449577
0.887983,39.449692
0.888983,39.449806
0.889983,39.449921
0.890983,39.450035
0.891983,39.450146
0.892983,39.450260
0.893983,39.450371
0.894983,39.450478
0.895983,39.450584
0.896983,39.450695
0.897983,39.450802
0.898983,39.450905
0.899983,39.451008
0.900983,39.451115
0.901983,39.451218
0.902983,39.451317
0.903983,39.451416
0.904983,39.451519
0.905983,39.451630
0.906983,39.451736
0.907983,39.451855
0.908983,39.451973
0.909983,39.452095
0.910983,39.452221
0.911983,39.452351
0.912983,39.452484
0.913983,39.452618
0.914983,39.452759
0.915983,39.452904
0.916983,39.453049
0.917983,39.453201
0.918983,39.453354
0.919983,39.453514
0.920983,39.453674
0.921983,39.453838
0.922983,39.454006
0.923983,39.454178
0.924983,39.454353
0.925983,39.454533
0.926983,39.454716
0.927983,39.454903
0.928982,39.455093
0.929982,39.455288
0.930982,39.455486
0.931982,39.455685
0.932982,39.455891
0.933982,39.456097
0.934982,39.456310
0.935982,39.456528
0.936982,39.456745
0.937982,39.456966
0.938982,39.457191
0.939982,39.457424
0.940982,39.457657
0.941982,39.457893
0.942982,39.458134
0.943982,39.458378
0.944982,39.458630
0.945982,39.458881
0.946982,39.459137
0.947982,39.459400
0.948982,39.459663
0.949982,39.459934
0.950982,39.460205
0.951982,39.460480
0.952982,39.460762
0.953982,39.461044
0.954982,39.461330
0.955982,39.461620
0.956982,39.461918
0.957982,39.462215
0.958982,39.462517
0.959982,39.462822
0.960982,39.463135
0.961982,39.463448
0.962982,39.463764
0.963982,39.464088
0.964982,39.464413
0.965982,39.464745
0.966982,39.465076
0.967982,39.465412
0.968982,39.465752
0.969982,39.466099
0.970982,39.466446
0.971982,39.466801
0.972982,39.467155
0.973982,39.467514
0.974982,39.467880
0.975982,39.468246
0.976982,39.468616
0.977982,39.468994
0.978982,39.469376
0.979982,39.469757
0.980982,39.470146
0.981981,39.470535
0.982981,39.470928
0.983981,39.471325
0.984981,39.471725
0.985981,39.472130
0.986981,39.472542
0.987981,39.472958
0.988981,39.473373
0.989981,39.473797
0.990981,39.474220
0.991981,39.474651
0.992981,39.475082
0.993981,39.475517
0.994981,39.475960
0.995981,39.476402
0.996981,39.476852
0.997981,39.477303
0.998981,39.477760
0.999981,39.478214
